322.4000000000001 10.444449929612448 0.28
347.2000000000004 10.051995342106787 0.28
375.10000000000053 10.457752441987017 0.28
399.9000000000008 10.417178841543937 0.28
427.80000000000086 10.01878148547269 0.28
452.60000000000116 10.685148273589373 0.28
477.4000000000012 10.424820084939082 0.28
505.30000000000155 9.840306732413223 0.28
530.1000000000016 9.499633792646346 0.28
558.0000000000017 9.640871326304909 0.28
582.800000000002 10.131501508659145 0.28
607.6000000000022 9.007539554012792 0.28
